image: large_room.pgm
resolution: 0.100000
origin: [-2.000000, -6.000000, 0.000000]
negate: 0
occupied_thresh: 0.65
free_thresh: 0.196

